GRT_LABELLED_CLASSIFICATION_DATA_FILE_V1.0
DatasetName: NOT_SET
InfoText: 
NumDimensions: 3
TotalNumExamples: 154
NumberOfClasses: 3
ClassIDsAndCounters: 
1	39	NOT_SET
2	51	NOT_SET
3	64	NOT_SET
UseExternalRanges: 0
Data:
1	-1.00638	-0.241669	0.216858
1	-1.04807	-0.285568	0.086319
1	-0.855927	-0.192795	0.198227
1	-0.709122	-0.395981	-0.00863647
1	-0.606308	-0.560547	0.101013
1	-0.681656	-0.508835	0.0792542
1	-1.17035	-0.0747375	-0.0063324
1	-0.994858	-0.106812	0.224106
1	-0.973709	0.0359497	0.0329895
1	-1.18192	0.0245972	-0.229202
1	-1.07169	-0.289642	0.168793
1	-1.15637	0.0238342	0.100555
1	-0.790054	-0.027359	-0.358658
1	-1.11787	0.246063	0.106781
1	-1.0912	0.453201	-0.0592957
1	-0.958344	0.112442	0.546051
1	-0.801056	-0.159271	0.244629
1	-0.840347	-0.333359	0.0682678
1	-0.948837	-0.566284	0.568863
1	-0.743118	-0.502151	0.0884399
1	-0.743896	-0.622742	-0.227646
1	-0.638077	-0.782227	0.0308838
1	-0.352158	-0.538116	0.434616
1	-0.966034	-0.0523376	0.216232
1	-1.01149	0.0509644	-0.0136108
1	-0.969086	-0.0361938	0.14119
1	-1.01274	-0.0496216	0.0498352
1	-1.13948	0.0823059	-0.0500641
1	-0.990509	-0.0563049	0.0155182
1	-1.00304	-0.00738525	0.132278
1	-1.09653	0.0623169	0.00512695
1	-1.16682	0.12648	0.0070343
1	-1.02563	0.208786	0.235107
1	-1.32494	0.364548	0.0464478
1	-0.954514	-0.143509	0.228302
1	-0.890457	-0.146378	0.110962
1	-1.10017	0.0878143	0.0309601
1	-1.02658	0.368469	-0.22522
1	-1.08885	-0.177338	0.0282135
2	0.00418091	-0.700241	-0.694992
2	-0.0529022	-0.751511	-0.510712
2	-0.157043	-0.775574	-0.398972
2	-0.341553	-0.756363	-0.503098
2	-0.390839	-0.727142	-0.688828
2	-0.334808	-0.71994	-0.64711
2	-0.280106	-0.706604	-0.917511
2	0.128479	-0.732147	-0.678101
2	-0.016037	-0.47438	-0.895187
2	-0.00260925	-0.384171	-1.07986
2	-0.00502014	-0.391693	-0.961777
2	-0.0532074	-0.429596	-0.913071
2	-0.0287781	-0.428696	-0.958466
2	-0.0174713	-0.423676	-0.966888
2	0.323578	-0.55928	-0.66806
2	-0.0995331	-0.724289	-0.542603
2	-0.338547	-0.503021	-0.742599
2	0.00764465	-0.307037	-1.08015
2	0.192749	-0.453552	-0.89325
2	-0.388824	-0.171036	-1.04312
2	0.13797	-0.19725	-0.931656
2	0.376953	-0.323273	-0.91214
2	-0.460236	-0.586182	-0.884399
2	-0.551025	-0.683746	-0.43425
2	0.0180054	-0.72023	-0.611099
2	0.34967	-0.620819	-0.983261
2	0.254074	-0.45607	-1.10046
2	0.391312	-0.527695	-0.770813
2	0.0119476	-0.383179	-0.923508
2	-0.332428	-0.358261	-0.714844
2	0.055542	-0.308395	-0.859314
2	-0.0964813	-0.504761	-0.799667
2	-0.268906	-0.513489	-1.02324
2	-0.349884	-0.656281	-0.658432
2	-0.362305	-0.656021	-0.703949
2	0.0721741	-0.650726	-0.777191
2	0.0595551	-0.602158	-0.562515
2	0.0364838	-0.349945	-0.722366
2	-0.0361328	-0.494431	-0.645645
2	-0.23938	-0.763641	-0.435349
2	-0.313843	-0.698776	-0.652908
2	-0.342209	-0.636856	-0.585693
2	-0.0577087	-0.436829	-0.876312
2	0.153015	-0.340439	-0.801041
2	-0.0457611	-0.600388	-0.752548
2	-0.0621033	-0.752106	-0.319412
2	-0.343948	-0.807877	-0.675385
2	-0.209961	-0.831894	-0.313339
2	-0.0143585	-0.625885	-1.03392
2	0.00105286	-0.782013	-0.361084
2	0.0488892	-0.594742	-0.78653
3	-0.0805054	-0.368546	-0.941666
3	0.104935	0.185135	-1.03288
3	0.147263	0.209213	-1.04253
3	0.0475311	0.102097	-0.914459
3	0.0320129	0.176315	-0.931686
3	0.0488739	0.0900421	-0.976349
3	-0.256042	0.0355835	-0.988281
3	0.270554	0.267822	-0.959351
3	0.107178	0.332428	-0.851837
3	0.0512695	0.468185	-0.909424
3	-0.0639648	0.491104	-0.910858
3	0.035141	0.439514	-0.88623
3	-0.0909729	0.338669	-0.722961
3	0.110794	0.450836	-1.1945
3	0.15593	0.43808	-1.13043
3	0.226547	0.477036	-1.17012
3	0.121628	0.539276	-0.784592
3	-0.00706482	0.521194	-0.828293
3	0.0311737	0.508224	-0.909332
3	-0.0643616	0.287766	-1.02406
3	-0.176514	0.128784	-0.798508
3	-0.138977	0.541183	-0.75383
3	-0.0322418	0.314209	-1.15503
3	-0.0372314	-1.00679	0.111465
3	-0.0352173	-0.988846	0.0426636
3	0.074646	-0.95871	0.0753326
3	0.067276	-1.02789	0.158447
3	0.0866241	-1.01266	0.136169
3	0.143448	-0.973892	-0.19014
3	0.0944366	-0.976532	-0.158035
3	0.0764313	-0.990479	-0.111267
3	0.0947266	-0.973297	-0.0936127
3	0.0644531	-1.01086	-0.1353
3	0.00282288	-0.925766	0.0817719
3	-0.129333	-0.919388	0.0327301
3	-0.111404	-1.03322	0.0637054
3	0.0530243	-0.985245	0.156952
3	0.0865021	-0.968979	0.126266
3	0.271393	-1.0271	0.215149
3	0.34816	-0.996735	0.480957
3	0.274948	-0.936035	-0.0423584
3	0.115784	-1.01004	-0.116943
3	-0.103516	-1.05981	0.0533752
3	-0.0885773	-0.923859	-0.0484467
3	0.145279	-0.95665	0.0453796
3	0.0389252	0.578796	-0.713303
3	0.110184	0.589401	-0.859222
3	-0.0694885	0.472153	-0.795242
3	-0.162277	0.402313	-0.828995
3	-0.214935	0.40065	-0.982407
3	-0.0704651	0.300919	-0.740845
3	-0.180923	0.633865	-0.663223
3	0.0552826	0.521408	-1.006
3	-0.221817	0.406372	-0.793411
3	-0.204529	0.455414	-0.955978
3	0.185196	0.217026	-0.900177
3	0.155411	0.170807	-0.925507
3	0.219254	0.203766	-0.925842
3	-0.163193	0.519531	-1.01575
3	-0.0630341	0.450394	-0.836716
3	0.0609131	0.697968	-0.871063
3	-0.00332642	0.63414	-0.772049
3	0.071991	0.693497	-0.811081
3	0.103043	0.693848	-0.783432
